mysql: [Warning] Using a password on the command line interface can be insecure.
Welcome to the MySQL monitor.  Commands end with ; or \g.
Your MySQL connection id is 210
Server version: 8.0.31 MySQL Community Server - GPL

Copyright (c) 2000, 2022, Oracle and/or its affiliates.

Oracle is a registered trademark of Oracle Corporation and/or its
affiliates. Other names may be trademarks of their respective
owners.

Type 'help;' or '\h' for help. Type '\c' to clear the current input statement.

mysql> show tablse;
ERROR 1064 (42000): You have an error in your SQL syntax; check the manual that corresponds to your MySQL server version for the right syntax to use near 'tablse' at line 1
mysql> show tables;
+---------------------+
| Tables_in_db2       |
+---------------------+
| a                   |
| agent               |
| andor               |
| b                   |
| blanktablea         |
| blanktableb         |
| blog                |
| bonus               |
| books               |
| candidate           |
| client              |
| coalesce            |
| comments            |
| company             |
| customer            |
| customers           |
| demodept1           |
| demodept2           |
| dept                |
| dept1               |
| docs                |
| dummy               |
| duplicate           |
| emp                 |
| emp1                |
| emp2                |
| emp_attendance      |
| emp_cards           |
| emp_phone           |
| empj                |
| envelope            |
| food                |
| hobby               |
| item                |
| key_parts           |
| licence             |
| location            |
| mass_table          |
| menucard            |
| nearest             |
| new                 |
| newbooks            |
| nullif              |
| numberstring        |
| ord                 |
| orders              |
| plumber             |
| plumber_service_map |
| points              |
| price               |
| product             |
| products            |
| quarter_revenue     |
| r                   |
| r1                  |
| r2                  |
| races               |
| regexpr             |
| replacedept         |
| revenue             |
| runners             |
| sales               |
| sales_channel       |
| salespeople         |
| salesperson         |
| salgrade            |
| service             |
| seta                |
| setb                |
| softdrink           |
| sort                |
| stadium             |
| states              |
| station             |
| status              |
| stringnumber        |
| tablea              |
| tableaa             |
| tableb              |
| tablebb             |
| tasks               |
| temp1               |
| transactions        |
| vote_response       |
| votes               |
| warehouse           |
| z                   |
+---------------------+
87 rows in set (0.00 sec)

mysql> select rand();
+--------------------+
| rand()             |
+--------------------+
| 0.7463279447949752 |
+--------------------+
1 row in set (0.01 sec)

mysql> select rand();
+---------------------+
| rand()              |
+---------------------+
| 0.21798535922354587 |
+---------------------+
1 row in set (0.00 sec)

mysql> select rand();
+--------------------+
| rand()             |
+--------------------+
| 0.8509429924664488 |
+--------------------+
1 row in set (0.00 sec)

mysql> select 1234.56, round(1234.56) R1;
+---------+------+
| 1234.56 | R1   |
+---------+------+
| 1234.56 | 1235 |
+---------+------+
1 row in set (0.01 sec)

mysql> select 1234.56, round(1234.56, 1) R1;
+---------+--------+
| 1234.56 | R1     |
+---------+--------+
| 1234.56 | 1234.6 |
+---------+--------+
1 row in set (0.00 sec)

mysql> select 1234.56, round(1234.56, 3) R1;
+---------+---------+
| 1234.56 | R1      |
+---------+---------+
| 1234.56 | 1234.56 |
+---------+---------+
1 row in set (0.00 sec)

mysql> select 1234.56, round(1234.5623, 3) R1;
+---------+----------+
| 1234.56 | R1       |
+---------+----------+
| 1234.56 | 1234.562 |
+---------+----------+
1 row in set (0.00 sec)

mysql> select 1234.56, round(1234.5626, 3) R1;
+---------+----------+
| 1234.56 | R1       |
+---------+----------+
| 1234.56 | 1234.563 |
+---------+----------+
1 row in set (0.00 sec)

mysql> select 1234.56, round(1234.5626, -1) R1;
+---------+------+
| 1234.56 | R1   |
+---------+------+
| 1234.56 | 1230 |
+---------+------+
1 row in set (0.00 sec)

mysql> select 1234.56, round(1234.564354354354326, -1) R1;
+---------+------+
| 1234.56 | R1   |
+---------+------+
| 1234.56 | 1230 |
+---------+------+
1 row in set (0.00 sec)

mysql> select 1234.56, round(1235.564354354354326, -1) R1;
+---------+------+
| 1234.56 | R1   |
+---------+------+
| 1234.56 | 1240 |
+---------+------+
1 row in set (0.00 sec)

mysql> select 1234.56, round(1235.564354354354326, -2) R1;
+---------+------+
| 1234.56 | R1   |
+---------+------+
| 1234.56 | 1200 |
+---------+------+
1 row in set (0.00 sec)

mysql> select ceil(4.4) R1, ceil(4.5) R2;
+----+----+
| R1 | R2 |
+----+----+
|  5 |  5 |
+----+----+
1 row in set (0.00 sec)

mysql> select ceil(4.0) R1, ceil(4.5) R2;
+----+----+
| R1 | R2 |
+----+----+
|  4 |  5 |
+----+----+
1 row in set (0.00 sec)

mysql> select ceil(4.1) R1, ceil(4.5) R2;
+----+----+
| R1 | R2 |
+----+----+
|  5 |  5 |
+----+----+
1 row in set (0.00 sec)

mysql> select floor(4.4) R1, floor(4.5) R2;
+----+----+
| R1 | R2 |
+----+----+
|  4 |  4 |
+----+----+
1 row in set (0.01 sec)

mysql> select * from dept;
+--------+------------+----------+------------+------------+
| DEPTNO | DNAME      | LOC      | PWD        | STARTEDON  |
+--------+------------+----------+------------+------------+
|     10 | ACCOUNTING | NEW YORK | r50mpm     | 24/03/1989 |
|     20 | RESEARCH   | DALLAS   | a12recmpm  | 12/04/1989 |
|     30 | SALES      | CHICAGO  | sales@2017 | 13/04/1989 |
|     40 | OPERATIONS | BOSTON   | opr@123    | 12/07/1989 |
|     50 | HR         | PUNE     | PUN@8877   | 22/12/1989 |
+--------+------------+----------+------------+------------+
5 rows in set (0.03 sec)

mysql> select * from dept limit 3;
+--------+------------+----------+------------+------------+
| DEPTNO | DNAME      | LOC      | PWD        | STARTEDON  |
+--------+------------+----------+------------+------------+
|     10 | ACCOUNTING | NEW YORK | r50mpm     | 24/03/1989 |
|     20 | RESEARCH   | DALLAS   | a12recmpm  | 12/04/1989 |
|     30 | SALES      | CHICAGO  | sales@2017 | 13/04/1989 |
+--------+------------+----------+------------+------------+
3 rows in set (0.00 sec)

mysql> select * from dept limit 0, 3;
+--------+------------+----------+------------+------------+
| DEPTNO | DNAME      | LOC      | PWD        | STARTEDON  |
+--------+------------+----------+------------+------------+
|     10 | ACCOUNTING | NEW YORK | r50mpm     | 24/03/1989 |
|     20 | RESEARCH   | DALLAS   | a12recmpm  | 12/04/1989 |
|     30 | SALES      | CHICAGO  | sales@2017 | 13/04/1989 |
+--------+------------+----------+------------+------------+
3 rows in set (0.00 sec)

mysql> select * from dept;
+--------+------------+----------+------------+------------+
| DEPTNO | DNAME      | LOC      | PWD        | STARTEDON  |
+--------+------------+----------+------------+------------+
|     10 | ACCOUNTING | NEW YORK | r50mpm     | 24/03/1989 |
|     20 | RESEARCH   | DALLAS   | a12recmpm  | 12/04/1989 |
|     30 | SALES      | CHICAGO  | sales@2017 | 13/04/1989 |
|     40 | OPERATIONS | BOSTON   | opr@123    | 12/07/1989 |
|     50 | HR         | PUNE     | PUN@8877   | 22/12/1989 |
+--------+------------+----------+------------+------------+
5 rows in set (0.00 sec)

mysql> select * from dept limit 2, 2;
+--------+------------+---------+------------+------------+
| DEPTNO | DNAME      | LOC     | PWD        | STARTEDON  |
+--------+------------+---------+------------+------------+
|     30 | SALES      | CHICAGO | sales@2017 | 13/04/1989 |
|     40 | OPERATIONS | BOSTON  | opr@123    | 12/07/1989 |
+--------+------------+---------+------------+------------+
2 rows in set (0.00 sec)

mysql> select * from dept limit (2, 2);
ERROR 1064 (42000): You have an error in your SQL syntax; check the manual that corresponds to your MySQL server version for the right syntax to use near '(2, 2)' at line 1
mysql> select * from dept limit ( 2);
ERROR 1064 (42000): You have an error in your SQL syntax; check the manual that corresponds to your MySQL server version for the right syntax to use near '( 2)' at line 1
mysql>
mysql>
mysql>
mysql> select * from dept limit 2, 2;
+--------+------------+---------+------------+------------+
| DEPTNO | DNAME      | LOC     | PWD        | STARTEDON  |
+--------+------------+---------+------------+------------+
|     30 | SALES      | CHICAGO | sales@2017 | 13/04/1989 |
|     40 | OPERATIONS | BOSTON  | opr@123    | 12/07/1989 |
+--------+------------+---------+------------+------------+
2 rows in set (0.00 sec)

mysql> select * from emp;
+-------+----------+--------+---------------------+------+------------+------+------+--------+---------+--------------+------------+------------+----------+
| EMPNO | ENAME    | GENDER | JOB                 | MGR  | HIREDATE   | SAL  | COMM | DEPTNO | BONUSID | USER NAME    | PWD        | PHONE      | isActive |
+-------+----------+--------+---------------------+------+------------+------+------+--------+---------+--------------+------------+------------+----------+
|  6001 | GITA     | F      | Compliance officers | 7920 | 1981-07-19 | 1750 | NULL |     30 |       1 | GITA         | sales@2017 | NULL       |        1 |
|  6129 | VRUSHALI | F      | Compliance officers | 7920 | 1981-07-19 | 1750 | NULL |     50 |       1 | VRUSHALI     | PUN@8877   | NULL       |        1 |
|  6473 | SHARMIN  | F      | Public Relation     | 7920 | 1981-07-19 | 1750 | NULL |     20 |       1 | SHARMIN      | a12recmpm  | NULL       |        1 |
|  6781 | BANDISH  | F      | Public Relation     | 7920 | 1981-07-19 | 1750 | NULL |     20 |       1 | BANDISH      | a12recmpm  | NULL       |        1 |
|  7369 | SMITH    | M      | CLERK               | 7902 | 1980-12-17 |  800 | NULL |     20 |       2 | TRITONE      | a12recmpm  | 7032300023 |        0 |
|  7415 | AARAV    | M      | CLERK               | 7902 | 1981-12-31 | 3350 | NULL |     10 |    NULL | AARAV        | NULL       | 7032300084 |        0 |
|  7421 | THOMAS   | M      | CLERK               | 7920 | 1981-07-19 | 1750 | NULL |     10 |       1 | THOMAS       | r50mpm     | 7032300011 |        0 |
|  7499 | ALLEN    | M      | SALESMAN            | 7698 | 1981-02-20 | 1600 |  300 |     30 |       4 | ALWAYS TESTE | sales@2017 | 7032300096 |        1 |
|  7521 | WARD     | M      | SALESMAN            | 7698 | 1981-02-22 | 1250 |  500 |     30 |       1 | WARD         | sales@2017 | 7132300034 |        1 |
|  7566 | JONES    | M      | MANAGER             | 7839 | 1981-04-02 | 2975 | NULL |     20 |       4 | HONEYCOMB    | a12recmpm  | 7132300039 |        1 |
|  7654 | MARTIN   | M      | SALESMAN            | 7698 | 1981-09-28 | 1250 | 1400 |     30 |       6 | LIFE RACER   | sales@2017 | 7132300050 |        1 |
|  7698 | BLAKE    | M      | MANAGER             | 7839 | 1981-05-01 | 2850 | NULL |     30 |       1 | BIG BEN      | sales@2017 | 7132300027 |        1 |
|  7782 | CLARK    | M      | MANAGER             | 7839 | 1981-06-09 | 2450 | NULL |     10 |       3 | CLARK        | r50mpm     | 7032300001 |        1 |
|  7788 | SCOTT    | M      | ANALYST             | 7566 | 1982-12-09 | 3000 | NULL |     20 |       3 | WHITE SAND   | a12recmpm  | NULL       |        1 |
|  7839 | KING     | M      | PRESIDENT           | NULL | 1981-11-17 | 5000 | NULL |     10 |       1 | KING         | r50mpm     | 7132300081 |        1 |
|  7840 | FRED     | M      | vice PRESIDENT      | 7839 | 1983-08-09 | 5000 | NULL |     20 |       1 | SAND STONE   | a12recmpm  | NULL       |        1 |
|  7844 | TURNER   | M      | SALESMAN            | 7698 | 1981-09-08 | 1500 |    0 |     30 |       5 | SAND DUST    | sales@2017 | NULL       |        1 |
|  7876 | ADAMS    | M      | CLERK               | 7788 | 1983-01-12 | 1100 | NULL |     20 |       1 | CRAZY ANYONE | a12recmpm  | 7132300086 |        1 |
|  7900 | JAMES    | M      | CLERK               | 7698 | 1981-12-03 |  950 | NULL |     30 |       2 | CRAZY LEADER | sales@2017 | 7132300042 |        1 |
|  7902 | FORD     | M      | ANALYST             | 7566 | 1981-12-03 | 3000 | NULL |     20 |       4 | CONBRIO      | a12recmpm  | NULL       |        0 |
|  7919 | HOFFMAN  | M      | MANAGER             | 7566 | 1982-03-24 | 4150 | NULL |     30 |       3 | INTERVAL     | sales@2017 | NULL       |        1 |
|  7920 | GRASS    | M      | SALESMAN            | 7919 | 1980-02-14 | 2575 | 2700 |     30 |       5 | GRASS        | sales@2017 | NULL       |        1 |
|  7934 | MILLER   | M      | CLERK               | 7782 | 1982-01-23 | 1300 | NULL |     10 |       2 | QUARTERNOTE  | r50mpm     | 7132300055 |        0 |
|  7945 | AARUSH   | M      | SALESMAN            | 7902 | 1980-02-14 | 1350 | 2700 |     30 |    NULL | AARUSH       | ABCDEF     | NULL       |        0 |
|  7949 | ALEX     | M      | MANAGER             | 7698 | 1982-01-24 | 1250 |  500 |     30 |       5 | QUARTERREST  | sales@2017 | 7156567183 |        1 |
|  8433 | NATASHA  | F      | CLERK               | 7920 | 1981-07-19 | 1750 | NULL |     30 |       1 | NATASHA      | sales@2017 | NULL       |        1 |
|  9400 | SANGITA  | F      | Compliance officers | 7920 | 1981-07-19 | 1750 | NULL |     50 |       1 | SANGITA      | NULL       | NULL       |        1 |
|  9473 | SUPRIYA  | F      | ANALYST             | 7920 | 1981-07-19 | 1750 | NULL |     50 |       1 | SUPRIYA      | XYZ@1234   | NULL       |        1 |
+-------+----------+--------+---------------------+------+------------+------+------+--------+---------+--------------+------------+------------+----------+
28 rows in set (0.01 sec)

mysql> select * from emp limit 5, 1;
+-------+-------+--------+-------+------+------------+------+------+--------+---------+-----------+------+------------+----------+
| EMPNO | ENAME | GENDER | JOB   | MGR  | HIREDATE   | SAL  | COMM | DEPTNO | BONUSID | USER NAME | PWD  | PHONE      | isActive |
+-------+-------+--------+-------+------+------------+------+------+--------+---------+-----------+------+------------+----------+
|  7415 | AARAV | M      | CLERK | 7902 | 1981-12-31 | 3350 | NULL |     10 |    NULL | AARAV     | NULL | 7032300084 |        0 |
+-------+-------+--------+-------+------+------------+------+------+--------+---------+-----------+------+------------+----------+
1 row in set (0.00 sec)

mysql> set @x;
ERROR 1064 (42000): You have an error in your SQL syntax; check the manual that corresponds to your MySQL server version for the right syntax to use near '' at line 1
mysql>
mysql>
mysql> set @x := 2;
Query OK, 0 rows affected (0.00 sec)

mysql> select @x;
+------+
| @x   |
+------+
|    2 |
+------+
1 row in set (0.00 sec)

mysql> select * from emp limit @x;
ERROR 1064 (42000): You have an error in your SQL syntax; check the manual that corresponds to your MySQL server version for the right syntax to use near '@x' at line 1
mysql>
mysql> select * from emp limit 2;
+-------+----------+--------+---------------------+------+------------+------+------+--------+---------+-----------+------------+-------+----------+
| EMPNO | ENAME    | GENDER | JOB                 | MGR  | HIREDATE   | SAL  | COMM | DEPTNO | BONUSID | USER NAME | PWD        | PHONE | isActive |
+-------+----------+--------+---------------------+------+------------+------+------+--------+---------+-----------+------------+-------+----------+
|  6001 | GITA     | F      | Compliance officers | 7920 | 1981-07-19 | 1750 | NULL |     30 |       1 | GITA      | sales@2017 | NULL  |        1 |
|  6129 | VRUSHALI | F      | Compliance officers | 7920 | 1981-07-19 | 1750 | NULL |     50 |       1 | VRUSHALI  | PUN@8877   | NULL  |        1 |
+-------+----------+--------+---------------------+------+------------+------+------+--------+---------+-----------+------------+-------+----------+
2 rows in set (0.00 sec)

mysql> select ename, job, sal, hiredate  from emp;
+----------+---------------------+------+------------+
| ename    | job                 | sal  | hiredate   |
+----------+---------------------+------+------------+
| GITA     | Compliance officers | 1750 | 1981-07-19 |
| VRUSHALI | Compliance officers | 1750 | 1981-07-19 |
| SHARMIN  | Public Relation     | 1750 | 1981-07-19 |
| BANDISH  | Public Relation     | 1750 | 1981-07-19 |
| SMITH    | CLERK               |  800 | 1980-12-17 |
| AARAV    | CLERK               | 3350 | 1981-12-31 |
| THOMAS   | CLERK               | 1750 | 1981-07-19 |
| ALLEN    | SALESMAN            | 1600 | 1981-02-20 |
| WARD     | SALESMAN            | 1250 | 1981-02-22 |
| JONES    | MANAGER             | 2975 | 1981-04-02 |
| MARTIN   | SALESMAN            | 1250 | 1981-09-28 |
| BLAKE    | MANAGER             | 2850 | 1981-05-01 |
| CLARK    | MANAGER             | 2450 | 1981-06-09 |
| SCOTT    | ANALYST             | 3000 | 1982-12-09 |
| KING     | PRESIDENT           | 5000 | 1981-11-17 |
| FRED     | vice PRESIDENT      | 5000 | 1983-08-09 |
| TURNER   | SALESMAN            | 1500 | 1981-09-08 |
| ADAMS    | CLERK               | 1100 | 1983-01-12 |
| JAMES    | CLERK               |  950 | 1981-12-03 |
| FORD     | ANALYST             | 3000 | 1981-12-03 |
| HOFFMAN  | MANAGER             | 4150 | 1982-03-24 |
| GRASS    | SALESMAN            | 2575 | 1980-02-14 |
| MILLER   | CLERK               | 1300 | 1982-01-23 |
| AARUSH   | SALESMAN            | 1350 | 1980-02-14 |
| ALEX     | MANAGER             | 1250 | 1982-01-24 |
| NATASHA  | CLERK               | 1750 | 1981-07-19 |
| SANGITA  | Compliance officers | 1750 | 1981-07-19 |
| SUPRIYA  | ANALYST             | 1750 | 1981-07-19 |
+----------+---------------------+------+------------+
28 rows in set (0.00 sec)

mysql> select ename, job, sal, hiredate  from emp order by ename;
+----------+---------------------+------+------------+
| ename    | job                 | sal  | hiredate   |
+----------+---------------------+------+------------+
| AARAV    | CLERK               | 3350 | 1981-12-31 |
| AARUSH   | SALESMAN            | 1350 | 1980-02-14 |
| ADAMS    | CLERK               | 1100 | 1983-01-12 |
| ALEX     | MANAGER             | 1250 | 1982-01-24 |
| ALLEN    | SALESMAN            | 1600 | 1981-02-20 |
| BANDISH  | Public Relation     | 1750 | 1981-07-19 |
| BLAKE    | MANAGER             | 2850 | 1981-05-01 |
| CLARK    | MANAGER             | 2450 | 1981-06-09 |
| FORD     | ANALYST             | 3000 | 1981-12-03 |
| FRED     | vice PRESIDENT      | 5000 | 1983-08-09 |
| GITA     | Compliance officers | 1750 | 1981-07-19 |
| GRASS    | SALESMAN            | 2575 | 1980-02-14 |
| HOFFMAN  | MANAGER             | 4150 | 1982-03-24 |
| JAMES    | CLERK               |  950 | 1981-12-03 |
| JONES    | MANAGER             | 2975 | 1981-04-02 |
| KING     | PRESIDENT           | 5000 | 1981-11-17 |
| MARTIN   | SALESMAN            | 1250 | 1981-09-28 |
| MILLER   | CLERK               | 1300 | 1982-01-23 |
| NATASHA  | CLERK               | 1750 | 1981-07-19 |
| SANGITA  | Compliance officers | 1750 | 1981-07-19 |
| SCOTT    | ANALYST             | 3000 | 1982-12-09 |
| SHARMIN  | Public Relation     | 1750 | 1981-07-19 |
| SMITH    | CLERK               |  800 | 1980-12-17 |
| SUPRIYA  | ANALYST             | 1750 | 1981-07-19 |
| THOMAS   | CLERK               | 1750 | 1981-07-19 |
| TURNER   | SALESMAN            | 1500 | 1981-09-08 |
| VRUSHALI | Compliance officers | 1750 | 1981-07-19 |
| WARD     | SALESMAN            | 1250 | 1981-02-22 |
+----------+---------------------+------+------------+
28 rows in set (0.00 sec)

mysql> select ename, job, sal, hiredate  from emp order by ename desc;
+----------+---------------------+------+------------+
| ename    | job                 | sal  | hiredate   |
+----------+---------------------+------+------------+
| WARD     | SALESMAN            | 1250 | 1981-02-22 |
| VRUSHALI | Compliance officers | 1750 | 1981-07-19 |
| TURNER   | SALESMAN            | 1500 | 1981-09-08 |
| THOMAS   | CLERK               | 1750 | 1981-07-19 |
| SUPRIYA  | ANALYST             | 1750 | 1981-07-19 |
| SMITH    | CLERK               |  800 | 1980-12-17 |
| SHARMIN  | Public Relation     | 1750 | 1981-07-19 |
| SCOTT    | ANALYST             | 3000 | 1982-12-09 |
| SANGITA  | Compliance officers | 1750 | 1981-07-19 |
| NATASHA  | CLERK               | 1750 | 1981-07-19 |
| MILLER   | CLERK               | 1300 | 1982-01-23 |
| MARTIN   | SALESMAN            | 1250 | 1981-09-28 |
| KING     | PRESIDENT           | 5000 | 1981-11-17 |
| JONES    | MANAGER             | 2975 | 1981-04-02 |
| JAMES    | CLERK               |  950 | 1981-12-03 |
| HOFFMAN  | MANAGER             | 4150 | 1982-03-24 |
| GRASS    | SALESMAN            | 2575 | 1980-02-14 |
| GITA     | Compliance officers | 1750 | 1981-07-19 |
| FRED     | vice PRESIDENT      | 5000 | 1983-08-09 |
| FORD     | ANALYST             | 3000 | 1981-12-03 |
| CLARK    | MANAGER             | 2450 | 1981-06-09 |
| BLAKE    | MANAGER             | 2850 | 1981-05-01 |
| BANDISH  | Public Relation     | 1750 | 1981-07-19 |
| ALLEN    | SALESMAN            | 1600 | 1981-02-20 |
| ALEX     | MANAGER             | 1250 | 1982-01-24 |
| ADAMS    | CLERK               | 1100 | 1983-01-12 |
| AARUSH   | SALESMAN            | 1350 | 1980-02-14 |
| AARAV    | CLERK               | 3350 | 1981-12-31 |
+----------+---------------------+------+------------+
28 rows in set (0.00 sec)

mysql> select ename, job, sal, hiredate  from emp order by ename;
+----------+---------------------+------+------------+
| ename    | job                 | sal  | hiredate   |
+----------+---------------------+------+------------+
| AARAV    | CLERK               | 3350 | 1981-12-31 |
| AARUSH   | SALESMAN            | 1350 | 1980-02-14 |
| ADAMS    | CLERK               | 1100 | 1983-01-12 |
| ALEX     | MANAGER             | 1250 | 1982-01-24 |
| ALLEN    | SALESMAN            | 1600 | 1981-02-20 |
| BANDISH  | Public Relation     | 1750 | 1981-07-19 |
| BLAKE    | MANAGER             | 2850 | 1981-05-01 |
| CLARK    | MANAGER             | 2450 | 1981-06-09 |
| FORD     | ANALYST             | 3000 | 1981-12-03 |
| FRED     | vice PRESIDENT      | 5000 | 1983-08-09 |
| GITA     | Compliance officers | 1750 | 1981-07-19 |
| GRASS    | SALESMAN            | 2575 | 1980-02-14 |
| HOFFMAN  | MANAGER             | 4150 | 1982-03-24 |
| JAMES    | CLERK               |  950 | 1981-12-03 |
| JONES    | MANAGER             | 2975 | 1981-04-02 |
| KING     | PRESIDENT           | 5000 | 1981-11-17 |
| MARTIN   | SALESMAN            | 1250 | 1981-09-28 |
| MILLER   | CLERK               | 1300 | 1982-01-23 |
| NATASHA  | CLERK               | 1750 | 1981-07-19 |
| SANGITA  | Compliance officers | 1750 | 1981-07-19 |
| SCOTT    | ANALYST             | 3000 | 1982-12-09 |
| SHARMIN  | Public Relation     | 1750 | 1981-07-19 |
| SMITH    | CLERK               |  800 | 1980-12-17 |
| SUPRIYA  | ANALYST             | 1750 | 1981-07-19 |
| THOMAS   | CLERK               | 1750 | 1981-07-19 |
| TURNER   | SALESMAN            | 1500 | 1981-09-08 |
| VRUSHALI | Compliance officers | 1750 | 1981-07-19 |
| WARD     | SALESMAN            | 1250 | 1981-02-22 |
+----------+---------------------+------+------------+
28 rows in set (0.00 sec)

mysql> select ename, job, sal, hiredate  from emp order by job;
+----------+---------------------+------+------------+
| ename    | job                 | sal  | hiredate   |
+----------+---------------------+------+------------+
| SCOTT    | ANALYST             | 3000 | 1982-12-09 |
| FORD     | ANALYST             | 3000 | 1981-12-03 |
| SUPRIYA  | ANALYST             | 1750 | 1981-07-19 |
| SMITH    | CLERK               |  800 | 1980-12-17 |
| AARAV    | CLERK               | 3350 | 1981-12-31 |
| THOMAS   | CLERK               | 1750 | 1981-07-19 |
| ADAMS    | CLERK               | 1100 | 1983-01-12 |
| JAMES    | CLERK               |  950 | 1981-12-03 |
| MILLER   | CLERK               | 1300 | 1982-01-23 |
| NATASHA  | CLERK               | 1750 | 1981-07-19 |
| GITA     | Compliance officers | 1750 | 1981-07-19 |
| VRUSHALI | Compliance officers | 1750 | 1981-07-19 |
| SANGITA  | Compliance officers | 1750 | 1981-07-19 |
| JONES    | MANAGER             | 2975 | 1981-04-02 |
| BLAKE    | MANAGER             | 2850 | 1981-05-01 |
| CLARK    | MANAGER             | 2450 | 1981-06-09 |
| HOFFMAN  | MANAGER             | 4150 | 1982-03-24 |
| ALEX     | MANAGER             | 1250 | 1982-01-24 |
| KING     | PRESIDENT           | 5000 | 1981-11-17 |
| SHARMIN  | Public Relation     | 1750 | 1981-07-19 |
| BANDISH  | Public Relation     | 1750 | 1981-07-19 |
| ALLEN    | SALESMAN            | 1600 | 1981-02-20 |
| WARD     | SALESMAN            | 1250 | 1981-02-22 |
| MARTIN   | SALESMAN            | 1250 | 1981-09-28 |
| TURNER   | SALESMAN            | 1500 | 1981-09-08 |
| GRASS    | SALESMAN            | 2575 | 1980-02-14 |
| AARUSH   | SALESMAN            | 1350 | 1980-02-14 |
| FRED     | vice PRESIDENT      | 5000 | 1983-08-09 |
+----------+---------------------+------+------------+
28 rows in set (0.00 sec)

mysql> select ename, job, sal, hiredate  from emp order by job asc;
+----------+---------------------+------+------------+
| ename    | job                 | sal  | hiredate   |
+----------+---------------------+------+------------+
| SCOTT    | ANALYST             | 3000 | 1982-12-09 |
| FORD     | ANALYST             | 3000 | 1981-12-03 |
| SUPRIYA  | ANALYST             | 1750 | 1981-07-19 |
| SMITH    | CLERK               |  800 | 1980-12-17 |
| AARAV    | CLERK               | 3350 | 1981-12-31 |
| THOMAS   | CLERK               | 1750 | 1981-07-19 |
| ADAMS    | CLERK               | 1100 | 1983-01-12 |
| JAMES    | CLERK               |  950 | 1981-12-03 |
| MILLER   | CLERK               | 1300 | 1982-01-23 |
| NATASHA  | CLERK               | 1750 | 1981-07-19 |
| GITA     | Compliance officers | 1750 | 1981-07-19 |
| VRUSHALI | Compliance officers | 1750 | 1981-07-19 |
| SANGITA  | Compliance officers | 1750 | 1981-07-19 |
| JONES    | MANAGER             | 2975 | 1981-04-02 |
| BLAKE    | MANAGER             | 2850 | 1981-05-01 |
| CLARK    | MANAGER             | 2450 | 1981-06-09 |
| HOFFMAN  | MANAGER             | 4150 | 1982-03-24 |
| ALEX     | MANAGER             | 1250 | 1982-01-24 |
| KING     | PRESIDENT           | 5000 | 1981-11-17 |
| SHARMIN  | Public Relation     | 1750 | 1981-07-19 |
| BANDISH  | Public Relation     | 1750 | 1981-07-19 |
| ALLEN    | SALESMAN            | 1600 | 1981-02-20 |
| WARD     | SALESMAN            | 1250 | 1981-02-22 |
| MARTIN   | SALESMAN            | 1250 | 1981-09-28 |
| TURNER   | SALESMAN            | 1500 | 1981-09-08 |
| GRASS    | SALESMAN            | 2575 | 1980-02-14 |
| AARUSH   | SALESMAN            | 1350 | 1980-02-14 |
| FRED     | vice PRESIDENT      | 5000 | 1983-08-09 |
+----------+---------------------+------+------------+
28 rows in set (0.00 sec)

mysql> select ename, job, sal, hiredate  from emp order by sal'
    '> ^C
mysql> select ename, job, sal, hiredate  from emp order by sal;
+----------+---------------------+------+------------+
| ename    | job                 | sal  | hiredate   |
+----------+---------------------+------+------------+
| SMITH    | CLERK               |  800 | 1980-12-17 |
| JAMES    | CLERK               |  950 | 1981-12-03 |
| ADAMS    | CLERK               | 1100 | 1983-01-12 |
| WARD     | SALESMAN            | 1250 | 1981-02-22 |
| MARTIN   | SALESMAN            | 1250 | 1981-09-28 |
| ALEX     | MANAGER             | 1250 | 1982-01-24 |
| MILLER   | CLERK               | 1300 | 1982-01-23 |
| AARUSH   | SALESMAN            | 1350 | 1980-02-14 |
| TURNER   | SALESMAN            | 1500 | 1981-09-08 |
| ALLEN    | SALESMAN            | 1600 | 1981-02-20 |
| GITA     | Compliance officers | 1750 | 1981-07-19 |
| VRUSHALI | Compliance officers | 1750 | 1981-07-19 |
| SHARMIN  | Public Relation     | 1750 | 1981-07-19 |
| BANDISH  | Public Relation     | 1750 | 1981-07-19 |
| THOMAS   | CLERK               | 1750 | 1981-07-19 |
| NATASHA  | CLERK               | 1750 | 1981-07-19 |
| SANGITA  | Compliance officers | 1750 | 1981-07-19 |
| SUPRIYA  | ANALYST             | 1750 | 1981-07-19 |
| CLARK    | MANAGER             | 2450 | 1981-06-09 |
| GRASS    | SALESMAN            | 2575 | 1980-02-14 |
| BLAKE    | MANAGER             | 2850 | 1981-05-01 |
| JONES    | MANAGER             | 2975 | 1981-04-02 |
| SCOTT    | ANALYST             | 3000 | 1982-12-09 |
| FORD     | ANALYST             | 3000 | 1981-12-03 |
| AARAV    | CLERK               | 3350 | 1981-12-31 |
| HOFFMAN  | MANAGER             | 4150 | 1982-03-24 |
| KING     | PRESIDENT           | 5000 | 1981-11-17 |
| FRED     | vice PRESIDENT      | 5000 | 1983-08-09 |
+----------+---------------------+------+------------+
28 rows in set (0.00 sec)

mysql> select ename, job, sal, hiredate  from emp order by sal desc;
+----------+---------------------+------+------------+
| ename    | job                 | sal  | hiredate   |
+----------+---------------------+------+------------+
| KING     | PRESIDENT           | 5000 | 1981-11-17 |
| FRED     | vice PRESIDENT      | 5000 | 1983-08-09 |
| HOFFMAN  | MANAGER             | 4150 | 1982-03-24 |
| AARAV    | CLERK               | 3350 | 1981-12-31 |
| SCOTT    | ANALYST             | 3000 | 1982-12-09 |
| FORD     | ANALYST             | 3000 | 1981-12-03 |
| JONES    | MANAGER             | 2975 | 1981-04-02 |
| BLAKE    | MANAGER             | 2850 | 1981-05-01 |
| GRASS    | SALESMAN            | 2575 | 1980-02-14 |
| CLARK    | MANAGER             | 2450 | 1981-06-09 |
| GITA     | Compliance officers | 1750 | 1981-07-19 |
| VRUSHALI | Compliance officers | 1750 | 1981-07-19 |
| SHARMIN  | Public Relation     | 1750 | 1981-07-19 |
| BANDISH  | Public Relation     | 1750 | 1981-07-19 |
| THOMAS   | CLERK               | 1750 | 1981-07-19 |
| NATASHA  | CLERK               | 1750 | 1981-07-19 |
| SANGITA  | Compliance officers | 1750 | 1981-07-19 |
| SUPRIYA  | ANALYST             | 1750 | 1981-07-19 |
| ALLEN    | SALESMAN            | 1600 | 1981-02-20 |
| TURNER   | SALESMAN            | 1500 | 1981-09-08 |
| AARUSH   | SALESMAN            | 1350 | 1980-02-14 |
| MILLER   | CLERK               | 1300 | 1982-01-23 |
| WARD     | SALESMAN            | 1250 | 1981-02-22 |
| MARTIN   | SALESMAN            | 1250 | 1981-09-28 |
| ALEX     | MANAGER             | 1250 | 1982-01-24 |
| ADAMS    | CLERK               | 1100 | 1983-01-12 |
| JAMES    | CLERK               |  950 | 1981-12-03 |
| SMITH    | CLERK               |  800 | 1980-12-17 |
+----------+---------------------+------+------------+
28 rows in set (0.00 sec)

mysql> select ename, job, sal, hiredate  from emp order by job;
+----------+---------------------+------+------------+
| ename    | job                 | sal  | hiredate   |
+----------+---------------------+------+------------+
| SCOTT    | ANALYST             | 3000 | 1982-12-09 |
| FORD     | ANALYST             | 3000 | 1981-12-03 |
| SUPRIYA  | ANALYST             | 1750 | 1981-07-19 |
| SMITH    | CLERK               |  800 | 1980-12-17 |
| AARAV    | CLERK               | 3350 | 1981-12-31 |
| THOMAS   | CLERK               | 1750 | 1981-07-19 |
| ADAMS    | CLERK               | 1100 | 1983-01-12 |
| JAMES    | CLERK               |  950 | 1981-12-03 |
| MILLER   | CLERK               | 1300 | 1982-01-23 |
| NATASHA  | CLERK               | 1750 | 1981-07-19 |
| GITA     | Compliance officers | 1750 | 1981-07-19 |
| VRUSHALI | Compliance officers | 1750 | 1981-07-19 |
| SANGITA  | Compliance officers | 1750 | 1981-07-19 |
| JONES    | MANAGER             | 2975 | 1981-04-02 |
| BLAKE    | MANAGER             | 2850 | 1981-05-01 |
| CLARK    | MANAGER             | 2450 | 1981-06-09 |
| HOFFMAN  | MANAGER             | 4150 | 1982-03-24 |
| ALEX     | MANAGER             | 1250 | 1982-01-24 |
| KING     | PRESIDENT           | 5000 | 1981-11-17 |
| SHARMIN  | Public Relation     | 1750 | 1981-07-19 |
| BANDISH  | Public Relation     | 1750 | 1981-07-19 |
| ALLEN    | SALESMAN            | 1600 | 1981-02-20 |
| WARD     | SALESMAN            | 1250 | 1981-02-22 |
| MARTIN   | SALESMAN            | 1250 | 1981-09-28 |
| TURNER   | SALESMAN            | 1500 | 1981-09-08 |
| GRASS    | SALESMAN            | 2575 | 1980-02-14 |
| AARUSH   | SALESMAN            | 1350 | 1980-02-14 |
| FRED     | vice PRESIDENT      | 5000 | 1983-08-09 |
+----------+---------------------+------+------------+
28 rows in set (0.00 sec)

mysql> select ename, job, sal, hiredate  from emp order by job, ename;
+----------+---------------------+------+------------+
| ename    | job                 | sal  | hiredate   |
+----------+---------------------+------+------------+
| FORD     | ANALYST             | 3000 | 1981-12-03 |
| SCOTT    | ANALYST             | 3000 | 1982-12-09 |
| SUPRIYA  | ANALYST             | 1750 | 1981-07-19 |
| AARAV    | CLERK               | 3350 | 1981-12-31 |
| ADAMS    | CLERK               | 1100 | 1983-01-12 |
| JAMES    | CLERK               |  950 | 1981-12-03 |
| MILLER   | CLERK               | 1300 | 1982-01-23 |
| NATASHA  | CLERK               | 1750 | 1981-07-19 |
| SMITH    | CLERK               |  800 | 1980-12-17 |
| THOMAS   | CLERK               | 1750 | 1981-07-19 |
| GITA     | Compliance officers | 1750 | 1981-07-19 |
| SANGITA  | Compliance officers | 1750 | 1981-07-19 |
| VRUSHALI | Compliance officers | 1750 | 1981-07-19 |
| ALEX     | MANAGER             | 1250 | 1982-01-24 |
| BLAKE    | MANAGER             | 2850 | 1981-05-01 |
| CLARK    | MANAGER             | 2450 | 1981-06-09 |
| HOFFMAN  | MANAGER             | 4150 | 1982-03-24 |
| JONES    | MANAGER             | 2975 | 1981-04-02 |
| KING     | PRESIDENT           | 5000 | 1981-11-17 |
| BANDISH  | Public Relation     | 1750 | 1981-07-19 |
| SHARMIN  | Public Relation     | 1750 | 1981-07-19 |
| AARUSH   | SALESMAN            | 1350 | 1980-02-14 |
| ALLEN    | SALESMAN            | 1600 | 1981-02-20 |
| GRASS    | SALESMAN            | 2575 | 1980-02-14 |
| MARTIN   | SALESMAN            | 1250 | 1981-09-28 |
| TURNER   | SALESMAN            | 1500 | 1981-09-08 |
| WARD     | SALESMAN            | 1250 | 1981-02-22 |
| FRED     | vice PRESIDENT      | 5000 | 1983-08-09 |
+----------+---------------------+------+------------+
28 rows in set (0.00 sec)

mysql> select ename, job, sal, hiredate  from emp order by job, ename desc;
+----------+---------------------+------+------------+
| ename    | job                 | sal  | hiredate   |
+----------+---------------------+------+------------+
| SUPRIYA  | ANALYST             | 1750 | 1981-07-19 |
| SCOTT    | ANALYST             | 3000 | 1982-12-09 |
| FORD     | ANALYST             | 3000 | 1981-12-03 |
| THOMAS   | CLERK               | 1750 | 1981-07-19 |
| SMITH    | CLERK               |  800 | 1980-12-17 |
| NATASHA  | CLERK               | 1750 | 1981-07-19 |
| MILLER   | CLERK               | 1300 | 1982-01-23 |
| JAMES    | CLERK               |  950 | 1981-12-03 |
| ADAMS    | CLERK               | 1100 | 1983-01-12 |
| AARAV    | CLERK               | 3350 | 1981-12-31 |
| VRUSHALI | Compliance officers | 1750 | 1981-07-19 |
| SANGITA  | Compliance officers | 1750 | 1981-07-19 |
| GITA     | Compliance officers | 1750 | 1981-07-19 |
| JONES    | MANAGER             | 2975 | 1981-04-02 |
| HOFFMAN  | MANAGER             | 4150 | 1982-03-24 |
| CLARK    | MANAGER             | 2450 | 1981-06-09 |
| BLAKE    | MANAGER             | 2850 | 1981-05-01 |
| ALEX     | MANAGER             | 1250 | 1982-01-24 |
| KING     | PRESIDENT           | 5000 | 1981-11-17 |
| SHARMIN  | Public Relation     | 1750 | 1981-07-19 |
| BANDISH  | Public Relation     | 1750 | 1981-07-19 |
| WARD     | SALESMAN            | 1250 | 1981-02-22 |
| TURNER   | SALESMAN            | 1500 | 1981-09-08 |
| MARTIN   | SALESMAN            | 1250 | 1981-09-28 |
| GRASS    | SALESMAN            | 2575 | 1980-02-14 |
| ALLEN    | SALESMAN            | 1600 | 1981-02-20 |
| AARUSH   | SALESMAN            | 1350 | 1980-02-14 |
| FRED     | vice PRESIDENT      | 5000 | 1983-08-09 |
+----------+---------------------+------+------------+
28 rows in set (0.00 sec)

mysql> select ename, job, sal, hiredate  from emp order by hiredate;
+----------+---------------------+------+------------+
| ename    | job                 | sal  | hiredate   |
+----------+---------------------+------+------------+
| GRASS    | SALESMAN            | 2575 | 1980-02-14 |
| AARUSH   | SALESMAN            | 1350 | 1980-02-14 |
| SMITH    | CLERK               |  800 | 1980-12-17 |
| ALLEN    | SALESMAN            | 1600 | 1981-02-20 |
| WARD     | SALESMAN            | 1250 | 1981-02-22 |
| JONES    | MANAGER             | 2975 | 1981-04-02 |
| BLAKE    | MANAGER             | 2850 | 1981-05-01 |
| CLARK    | MANAGER             | 2450 | 1981-06-09 |
| GITA     | Compliance officers | 1750 | 1981-07-19 |
| VRUSHALI | Compliance officers | 1750 | 1981-07-19 |
| SHARMIN  | Public Relation     | 1750 | 1981-07-19 |
| BANDISH  | Public Relation     | 1750 | 1981-07-19 |
| THOMAS   | CLERK               | 1750 | 1981-07-19 |
| NATASHA  | CLERK               | 1750 | 1981-07-19 |
| SANGITA  | Compliance officers | 1750 | 1981-07-19 |
| SUPRIYA  | ANALYST             | 1750 | 1981-07-19 |
| TURNER   | SALESMAN            | 1500 | 1981-09-08 |
| MARTIN   | SALESMAN            | 1250 | 1981-09-28 |
| KING     | PRESIDENT           | 5000 | 1981-11-17 |
| JAMES    | CLERK               |  950 | 1981-12-03 |
| FORD     | ANALYST             | 3000 | 1981-12-03 |
| AARAV    | CLERK               | 3350 | 1981-12-31 |
| MILLER   | CLERK               | 1300 | 1982-01-23 |
| ALEX     | MANAGER             | 1250 | 1982-01-24 |
| HOFFMAN  | MANAGER             | 4150 | 1982-03-24 |
| SCOTT    | ANALYST             | 3000 | 1982-12-09 |
| ADAMS    | CLERK               | 1100 | 1983-01-12 |
| FRED     | vice PRESIDENT      | 5000 | 1983-08-09 |
+----------+---------------------+------+------------+
28 rows in set (0.00 sec)

mysql> select ename, job, sal, hiredate  from emp order by hiredate desc;
+----------+---------------------+------+------------+
| ename    | job                 | sal  | hiredate   |
+----------+---------------------+------+------------+
| FRED     | vice PRESIDENT      | 5000 | 1983-08-09 |
| ADAMS    | CLERK               | 1100 | 1983-01-12 |
| SCOTT    | ANALYST             | 3000 | 1982-12-09 |
| HOFFMAN  | MANAGER             | 4150 | 1982-03-24 |
| ALEX     | MANAGER             | 1250 | 1982-01-24 |
| MILLER   | CLERK               | 1300 | 1982-01-23 |
